 alert_id | score_id | score_row_id | incident_id 
----------+----------+--------------+-------------
       30 |   113653 |       113653 |          10
       29 |    88600 |        88600 |           9
       28 |    88252 |        88252 |           9
       27 |    87904 |        87904 |           9
       26 |    75284 |        75284 |           7
       25 |    57168 |        57168 |           8
       24 |    56820 |        56820 |           8
       23 |    55300 |        55300 |           7
       22 |    54956 |        54956 |           7
       21 |    54612 |        54612 |           7
       20 |    43873 |        43873 |           6
       19 |    43529 |        43529 |           6
       18 |    43185 |        43185 |           6
       17 |    42841 |        42841 |           6
       16 |    32712 |        32712 |           5
       15 |    32368 |        32368 |           5
       14 |    25107 |        25107 |           5
       13 |    23443 |        23443 |           4
       12 |    23099 |        23099 |           4
       11 |    22755 |        22755 |           4
       10 |    22411 |        22411 |           4
        9 |    22067 |        22067 |           4
        8 |     9005 |         9005 |           3
        7 |     8289 |         8289 |           3
        6 |     8174 |         8174 |           2
(25 rows)

